64   
2    

1    
  0.0000000000000000   0.0083954999733176   0.0054328243297593
  -0.0052880600   -0.4375327900   -0.0734972500
  -0.0072900600    0.0397465900   -0.0001125900
   0.0000574900    0.0084704200   -0.0005513600
   0.0073888200    0.0392364200    0.0000579400
   0.0199298000   -0.0075607300    0.0000413100
  -0.0198550600   -0.0077838400   -0.0000939200
  -0.0024436300    0.0060481100    0.0001216500
   0.0025695400    0.0060522400    0.0001196100
   0.0059771800   -0.0017450000   -0.0005513900
   0.0000827500    0.0017085200    0.0001206400
  -0.0058399800   -0.0017853300   -0.0005514100
   0.0000764200    0.0017088500    0.0001205900
   0.0347180400   -0.0076396100   -0.0000443600
   0.0025728600    0.0060576800    0.0001194700
  -0.0024433000    0.0060441700    0.0001218100
  -0.0344186700   -0.0077051600   -0.0000091300
  -0.0007055000   -0.0031586000    0.0019165700
   0.0001434200    0.0029918000   -0.0000597000
  -0.0002508800    0.0029794100   -0.0000598500
   0.0006132200   -0.0031893200    0.0018844800
  -0.0000912700   -0.0020280700    0.0019005200
  -0.0029378700    0.0002090300    0.0002963000
  -0.0000597700    0.0011450100   -0.0000012200
   0.0027988900    0.0002164800    0.0002903900
   0.0011558500    0.0005474400   -0.0000594500
  -0.0012714800    0.0005403800   -0.0000600900
  -0.0011586800   -0.0007593700   -0.0000011900
   0.0010391200   -0.0007568600   -0.0000012600
   0.0013559100    0.0008878900   -0.0000593900
  -0.0000511600    0.0025128700    0.0000108400
  -0.0014600500    0.0008771600   -0.0000601900
  -0.0000505400   -0.0047518200    0.0002934000
   0.0566146100    0.1637891800    0.0257124700
  -0.0023192600   -0.0102644100   -0.0014835700
   0.0021751800   -0.0102875500   -0.0015063800
  -0.0519856600    0.1569065800    0.0267400200
   0.0004812300    0.0663318000    0.0262457600
   0.0112857600   -0.0039474000    0.0011515000
  -0.0000584500   -0.0049484400   -0.0000253900
  -0.0113823100   -0.0040283200    0.0011390500
  -0.0002657100    0.0021567000   -0.0014981800
   0.0000719600    0.0022076600   -0.0014920900
   0.0029153500    0.0002173800   -0.0000262000
  -0.0030422800    0.0002040800   -0.0000247600
  -0.0096340800   -0.0058600000   -0.0014865500
  -0.0000741400   -0.0057968800    0.0003167500
   0.0095272200   -0.0058333700   -0.0015034200
  -0.0001014300    0.0156435000    0.0011452100
   0.0000658800    0.0045000800   -0.0038077400
   0.0009359500   -0.0008180000   -0.0002010000
   0.0000596000   -0.0023207600   -0.0000062400
  -0.0008125200   -0.0008046000   -0.0001908700
  -0.0009793600    0.0011186000   -0.0001927700
   0.0011095300    0.0011235500   -0.0001984900
   0.0009927500   -0.0009369800   -0.0000245400
  -0.0008745000   -0.0009381800   -0.0000245900
  -0.0013119400    0.0000453600   -0.0000061400
   0.0000549700   -0.0003506700    0.0000094300
   0.0014213900    0.0000514800   -0.0000060700
   0.0000537900    0.0006792700   -0.0000244000
  -0.0015370600    0.0018118100   -0.0001976600
  -0.0006258600   -0.0015306500    0.0000093300
   0.0007354400   -0.0015242200    0.0000096300
   0.0016406200    0.0018194200   -0.0001939000

33   
  0.0000000000000000   0.0083954999733176   0.0054328243297593
   0.0519753000    0.1572275200    0.0267995900
  -0.0566210800    0.1639036100    0.0256544500
   0.0071128100   -0.0100735700   -0.0015020000
  -0.0069381200   -0.0100625900   -0.0014882100
  -0.0047254600   -0.0056249000   -0.0014966100
   0.0000790300    0.0158605800    0.0011453800
   0.0048846000   -0.0056439700   -0.0014936500
   0.0000847300   -0.0055874200    0.0003167500
  -0.0048305700    0.0023952300   -0.0015035800
  -0.0029183600    0.0004355000   -0.0000254600
   0.0030420600    0.0004130800   -0.0000254400
   0.0050675900    0.0023936400   -0.0014868700
  -0.0006008300    0.0665497500    0.0262475000
  -0.0113361700   -0.0036969100    0.0011436800
   0.0000383700   -0.0047372700   -0.0000254600
   0.0113397900   -0.0038561400    0.0011467100
  -0.0000771200    0.0042877100   -0.0038070800
  -0.0001375900   -0.0010185600   -0.0001969900
  -0.0000649600   -0.0025338300   -0.0000060900
   0.0000065100   -0.0010285300   -0.0001943500
  -0.0020503900    0.0009113100   -0.0001957600
   0.0019287400    0.0009067300   -0.0001957100
   0.0008802400   -0.0011521500   -0.0000247700
  -0.0009878000   -0.0011495100   -0.0000245500
  -0.0014197900   -0.0001609600   -0.0000060200
  -0.0000535300   -0.0005606200    0.0000094500
   0.0013144500   -0.0001697300   -0.0000062200
  -0.0000500600    0.0004659800   -0.0000246600
  -0.0006973000    0.0016155000   -0.0001971100
  -0.0007375200   -0.0017372000    0.0000095900
   0.0006245900   -0.0017439500    0.0000093100
   0.0005896600    0.0015911100   -0.0001942500
   0.0053807000   -0.4713534700   -0.0472735400
  -0.0025694800    0.0420145000   -0.0053954000
  -0.0000488300    0.0103700100    0.0004975000
   0.0024912300    0.0413272700   -0.0051997600
   0.0217718800   -0.0006099200   -0.0052699000
  -0.0220143300   -0.0006537800   -0.0053234500
  -0.0034698000    0.0048258500    0.0003017800
   0.0033107100    0.0048074500    0.0003013600
   0.0052545300    0.0011198600    0.0005009200
  -0.0000731900   -0.0010551900    0.0003017800
  -0.0054106700    0.0011451800    0.0004942100
  -0.0000944900   -0.0010545800    0.0003015100
   0.0269171100   -0.0006946500   -0.0053676300
   0.0033385100    0.0048004800    0.0003045600
  -0.0034420400    0.0048326000    0.0002983900
  -0.0269872400   -0.0005712700   -0.0052254000
   0.0006791000   -0.0010204000    0.0024532800
  -0.0005517800   -0.0010193500    0.0024813500
  -0.0002994500    0.0016491100   -0.0000368700
   0.0004142100    0.0016480900   -0.0000361500
   0.0010266300    0.0005766300   -0.0000365400
   0.0000568000   -0.0017191300    0.0000224600
  -0.0009200300    0.0005828700   -0.0000364200
   0.0000497600    0.0013398300    0.0000649900
   0.0006688500   -0.0000401400   -0.0000368000
   0.0007655900    0.0002672100    0.0000253000
  -0.0006553900    0.0002752000    0.0000252900
  -0.0005655700   -0.0000354100   -0.0000357600
   0.0000634800   -0.0020855500    0.0024675500
   0.0011750500    0.0001957300    0.0000206300
   0.0000622500    0.0015020000    0.0000254400
  -0.0010459400    0.0002134800    0.0000237200
